3d=true
fit=true
0 -5769.561343762609 -1028.0503728496506
0 -5777.273179128073 -1028.7263443586617
0 -5785.015910875323 -1029.3741328210608
0 -5792.788868475763 -1029.99397484173
0 -5800.591381400796 -1030.5861070255514
0 -5808.42277912183 -1031.1507659774052
0 -5816.282391110268 -1031.688188302176
0 -5824.169546837516 -1032.1986106047434
0 -5832.083575774978 -1032.6822694899902
0 -5840.02380739406 -1033.1394015627975
0 -5847.989571166165 -1033.5702434280483
0 -5855.980196562701 -1033.9750316906257
0 -5863.99501305507 -1034.3540029554079
0 -5872.033350114679 -1034.7073938272797
0 -5880.094537212932 -1035.0354409111205
0 -5888.1779038212335 -1035.3383808118151
0 -5896.28277941099 -1035.6164501342437
0 -5904.408493453605 -1035.8698854832883
0 -5912.554375420485 -1036.0989234638328
0 -5920.719754783033 -1036.3038006807556
0 -5928.903961012655 -1036.4847537389405
0 -5937.106323580755 -1036.6420192432688
0 -5945.326171958739 -1036.7758337986224
0 -5953.562835618013 -1036.8864340098853
0 -5961.81564402998 -1036.9740564819367
0 -5970.083926666046 -1037.0389378196596
0 -5978.367012997614 -1037.0813146279343
0 -5986.664232496093 -1037.1014235116454
0 -5994.974914632883 -1037.0995010756733
0 -6003.298388879392 -1037.0757839249
0 -6011.633984707025 -1037.0305086642065
0 -6019.981031587186 -1036.963911898476
0 -6028.33885899128 -1036.8762302325904
0 -6036.706796390713 -1036.7677002714317
0 -6045.084173256889 -1036.6385586198794
0 -6053.470319061213 -1036.489041882819
0 -6061.864563275089 -1036.319386665129
0 -6070.266235369924 -1036.1298295716933
0 -6078.674664817122 -1035.920607207394
0 -6087.089181088087 -1035.691956177112
0 -6095.509113654225 -1035.4441130857285
0 -6103.933791986941 -1035.1773145381276
0 -6112.362545557641 -1034.8917971391893
0 -6120.794703837727 -1034.5877974937966
0 -6129.229596298606 -1034.2655522068308
0 -6137.6665524116825 -1033.9252978831746
0 -6146.104901648361 -1033.5672711277075
0 -6154.543973480049 -1033.1917085453133
0 -6162.983097378148 -1032.798846740876
0 -6171.421602814064 -1032.3889223192728
0 -6179.858819259203 -1031.9621718853878
0 -6188.2940761849695 -1031.5188320441048
0 -6196.726703062767 -1031.0591394003022
0 -6205.156029364003 -1030.5833305588649
0 -6213.5813845600815 -1030.091642124672
0 -6222.002098122405 -1029.5843107026076
0 -6230.417499522382 -1029.0615728975536
0 -6238.826918231415 -1028.5236653143902
0 -6247.22968372091 -1027.9708245579995
0 -6255.625125462272 -1027.4032872332646
0 -6264.012572926907 -1026.8212899450673
0 -6272.391355586217 -1026.2250692982889
0 -6280.760802911609 -1025.6148618978104
0 -6289.120244374488 -1024.9909043485159
0 -6297.469009446259 -1024.3534332552854
0 -6305.806427598326 -1023.7026852230019
0 -6314.1318283020955 -1023.0388968565458
0 -6322.44454102897 -1022.3623047608007
0 -6330.743895250356 -1021.673145540648
0 -6339.029220437659 -1020.9716558009686
0 -6347.299846062283 -1020.2580721466466
0 -6355.5551015956335 -1019.5326311825602
0 -6363.794316509115 -1018.7955695135952
0 -6372.016820274132 -1018.0471237446309
0 -6380.22194236209 -1017.2875304805511
0 -6388.409012244395 -1016.5170263262362
0 -6396.5773593924505 -1015.735847886569
0 -6404.726313277662 -1014.9442317664289
0 -6412.855203371435 -1014.1424145707015
0 -6420.963359145173 -1013.3306329042662
0 -6429.050110070281 -1012.5091233720068
0 -6437.114785618165 -1011.6781225788036
0 -6445.15671526023 -1010.8378671295377
0 -6453.175228467881 -1009.988593629093
0 -6461.169654712523 -1009.1305386823515
0 -6469.139323465561 -1008.2639388941934
0 -6477.083564198397 -1007.3890308695
0 -6485.001706382439 -1006.5060512131568
0 -6492.893079489092 -1005.6152365300413
0 -6500.75701298976 -1004.7168234250394
0 -6508.592836355849 -1003.8110485030302
0 -6516.399879058762 -1002.8981483688958
0 -6524.177470569906 -1001.9783596275192
0 -6531.9249403606855 -1001.0519188837825
0 -6539.641617902504 -1000.1190627425667
0 -6547.3268326667685 -999.180027808754
0 -6554.979914124881 -998.2350506872244
0 -6562.60019174825 -997.2843679828638
0 -6570.186995008278 -996.3282163005515
0 -6577.739653376372 -995.3668322451676
0 -6589.455604226864 -993.8806730810511
0 -6601.046732211701 -992.4358650371732
0 -6612.513225320613 -991.0326781694012
0 -6623.855271543331 -989.6713825336083
0 -6635.073058869587 -988.3522481856617
0 -6646.16677528911 -987.075545181433
0 -6657.136608791632 -985.8415435767911
0 -6667.982747366886 -984.6505134276058
0 -6678.705379004601 -983.5027247897478
0 -6689.304691694508 -982.3984477190888
0 -6699.780873426338 -981.3379522714959
0 -6710.134112189822 -980.3215085028405
0 -6720.364595974693 -979.3493864689917
0 -6730.472512770679 -978.4218562258211
0 -6740.458050567513 -977.5391878291966
0 -6750.3213973549255 -976.70165133499
0 -6760.062741122648 -975.9095167990699
0 -6769.682269860411 -975.1630542773064
0 -6779.180171557945 -974.4625338255719
0 -6788.5566342049815 -973.8082254997325
0 -6797.811845791253 -973.20039935566
0 -6806.9459943064885 -972.6393254492259
0 -6815.959267740421 -972.1252738362982
0 -6824.851854082777 -971.6585145727458
0 -6833.623941323293 -971.2393177144422
0 -6842.275717451698 -970.8679533172544
0 -6850.807370457724 -970.5446914370541
0 -6859.219088331099 -970.2698021297092
0 -6867.511059061556 -970.0435554510932
0 -6875.683470638826 -969.8662214570722
0 -6883.736511052641 -969.738070203518
0 -6891.67036829273 -969.6593717463011
0 -6899.485230348826 -969.6303961412905
0 -6907.181285210658 -969.6514134443569
0 -6914.758720867958 -969.7226937113692
0 -6922.217725310457 -969.8445069981981
0 -6929.558486527888 -970.0171233607152
0 -6936.781192509979 -970.2408128547868
0 -6943.886031246462 -970.5158455362862
0 -6950.8731907270685 -970.8424914610814
0 -6957.742858941529 -971.2210206850423
0 -6964.495223879577 -971.6517032640404
0 -6971.130473530939 -972.1348092539456
0 -6977.648795885349 -972.6706087106259
0 -6984.050378932537 -973.2593716899528
0 -6990.335410662235 -973.9013682477962
0 -6996.504079064172 -974.596868440025
0 -7002.556572128082 -975.3461423225117
0 -7008.493077843694 -976.1494599511234
0 -7014.31378420074 -977.0070913817317
0 -7020.01887918895 -977.9193066702055
0 -7025.608550798056 -978.8863758724165
0 -7031.082987017789 -979.9085690442325
0 -7036.442375837879 -980.9861562415254
0 -7041.686905248058 -982.1194075201647
0 -7046.816763238056 -983.3085929360186
0 -7051.832137797606 -984.5539825449596
0 -7056.733216916438 -985.8558464028556
0 -7061.520188584282 -987.2144545655783
0 -7066.193240790869 -988.6300770889975
0 -7070.752561525932 -990.1029840289812
0 -7075.198338779201 -991.6334454414018
0 -7079.530760540406 -993.2217313821275
0 -7083.7500147992805 -994.8681119070288
0 -7087.856289545553 -996.5728570719766
0 -7091.8497727689555 -998.3362369328397
0 -7095.730652459219 -1000.1585215454888
0 -7099.4991166060745 -1002.0399809657929
0 -7103.155353199254 -1003.9808852496235
0 -7106.699550228486 -1005.9815044528495
0 -7110.131895683505 -1008.0421086313409
0 -7113.452577554039 -1010.162967840969
0 -7116.661783829821 -1012.3443521376012
0 -7119.759702500582 -1014.5865315771089
0 -7122.7465215560505 -1016.8897762153629
0 -7125.622428985959 -1019.2543561082321
0 -7128.387612780041 -1021.6805413115871
0 -7131.042260928025 -1024.1686018812961
0 -7133.586561419641 -1026.7188078732324
0 -7136.020702244623 -1029.3314293432622
0 -7138.344871392698 -1032.006736347259
0 -7140.559256853602 -1034.7449989410907
0 -7142.664046617063 -1037.5464871806262
0 -7144.659428672811 -1040.411471121739
0 -7146.54559101058 -1043.340220820296
0 -7148.322721620099 -1046.3330063321682
0 -7149.991008491101 -1049.3900977132262
0 -7151.550639613314 -1052.5117650193388
0 -7153.001802976472 -1055.6982783063759
0 -7154.3446865703045 -1058.94990763021
0 -7155.579478384543 -1062.2669230467081
0 -7156.706366408918 -1065.6495946117402
0 -7157.725538633161 -1069.0981923811778
0 -7158.6371830470025 -1072.6129864108916
0 -7159.441487640173 -1076.1942467567487
0 -7160.138640402406 -1079.8422434746226
0 -7160.728829323431 -1083.5572466203803
0 -7161.212242392977 -1087.3395262498916
0 -7161.589067600778 -1091.189352419029
0 -7161.537092950445 -1094.5770581947663
0 -7161.312938625235 -1097.9389824361251
0 -7160.919452582854 -1101.275048725368
0 -7160.359482781009 -1104.585180644759
0 -7159.635877177406 -1107.8693017765618
0 -7158.7514837297485 -1111.1273357030395
0 -7157.709150395746 -1114.3592060064584
0 -7156.511725133103 -1117.56483626908
0 -7155.1620558995255 -1120.7441500731684
0 -7153.66299065272 -1123.897071000988
0 -7152.017377350392 -1127.0235226348022
0 -7150.228063950248 -1130.1234285568753
0 -7148.297898409994 -1133.1967123494687
0 -7146.229728687337 -1136.2432975948495
0 -7144.026402739981 -1139.2631078752802
0 -7141.690768525634 -1142.2560667730231
0 -7139.225674002 -1145.2220978703463
0 -7136.633967126788 -1148.1611247495075
0 -7133.9184958577025 -1151.0730709927748
0 -7131.08210815245 -1153.9578601824114
0 -7128.127651968735 -1156.815415900679
0 -7125.057975264265 -1159.6456617298445
0 -7121.8759259967455 -1162.4485212521695
0 -7118.584352123884 -1165.2239180499173
0 -7115.1861016033845 -1167.9717757053531
0 -7111.684022392955 -1170.6920178007413
0 -7108.080962450299 -1173.3845679183432
0 -7104.379769733126 -1176.0493496404233
0 -7100.58329219914 -1178.6862865492485
0 -7096.694377806047 -1181.2953022270785
0 -7092.715874511553 -1183.8763202561786
0 -7088.650630273364 -1186.429264218813
0 -7084.501493049189 -1188.954057697245
0 -7080.271310796729 -1191.4506242737389
0 -7075.962931473694 -1193.918887530559
0 -7071.57920303779 -1196.358771049967
0 -7067.122973446721 -1198.7701984142277
0 -7062.597090658194 -1201.1530932056057
0 -7058.004402629915 -1203.5073790063643
0 -7053.34775731959 -1205.832979398766
0 -7048.630002684925 -1208.1298179650757
0 -7043.853986683625 -1210.397818287558
0 -7039.0225572734 -1212.636903948477
0 -7034.138562411953 -1214.8469985300935
0 -7029.204850056989 -1217.0280256146743
0 -7024.2242681662165 -1219.1799087844802
0 -7019.199664697342 -1221.3025716217771
0 -7014.133887608069 -1223.3959377088304
0 -7009.029784856105 -1225.4599306279006
0 -7003.890204399156 -1227.494473961252
0 -6998.717994194927 -1229.4994912911498
0 -6993.516002201127 -1231.4749061998582
0 -6988.287076375459 -1233.420642269638
0 -6983.034064675631 -1235.336623082757
0 -6977.759815059347 -1237.2227722214757
0 -6972.467175484315 -1239.0790132680595
0 -6967.158993908241 -1240.9052698047708
0 -6961.838118288831 -1242.7014654138748
0 -6956.50739658379 -1244.4675236776338
0 -6951.169676750825 -1246.203368178315
0 -6945.82780674764 -1247.908922498178
0 -6940.484634531945 -1249.5841102194881
0 -6935.143008061443 -1251.2288549245104
0 -6929.805775293841 -1252.8430801955064
0 -6924.475784186847 -1254.4267096147423
0 -6919.155882698163 -1255.9796667644796
0 -6913.848918785498 -1257.5018752269834
0 -6908.557740406557 -1258.9932585845181
0 -6903.285195519047 -1260.4537404193452
0 -6898.034132080674 -1261.8832443137298
0 -6892.807398049143 -1263.2816938499363
0 -6887.60784138216 -1264.649012610228
0 -6882.438310037432 -1265.9851241768683
0 -6877.301651972665 -1267.2899521321206
0 -6872.2007151455655 -1268.5634200582508
0 -6867.138347513838 -1269.8054515375206
0 -6862.11739703519 -1271.0159701521934
0 -6857.140711667327 -1272.194899484536
0 -6852.211139367956 -1273.3421631168076
0 -6847.331528094781 -1274.4576846312775
0 -6842.504725805511 -1275.5413876102039
0 -6837.733580457849 -1276.5931956358536
0 -6833.020940009503 -1277.613032290491
0 -6828.369652418179 -1278.6008211563776
0 -6823.782565641581 -1279.5564858157795
0 -6819.262527637419 -1280.4799498509583
0 -6814.812386363396 -1281.37113684418
0 -6810.434989777218 -1282.2299703777062
0 -6806.133185836594 -1283.056374033802
0 -6801.909822499227 -1283.850271394731
0 -6797.7677477228235 -1284.6115860427572
0 -6793.70980946509 -1285.340241560143
0 -6789.738855683734 -1286.036161529155
0 -6785.85773433646 -1286.6992695320532
0 -6782.069293380975 -1287.329489151105
0 -6778.376380774984 -1287.9267439685718
0 -6774.781844476194 -1288.4909575667189
0 -6771.28853244231 -1289.0220535278086
0 -6767.899292631039 -1289.5199554341052
0 -6752.07027395147 -1291.7763850502788
0 -6736.1128070494415 -1293.997781439236
0 -6720.030986035019 -1296.1843343017545
0 -6703.8289050182675 -1298.3362333386149
0 -6687.51065810925 -1300.4536682505968
0 -6671.080339418028 -1302.5368287384763
0 -6654.542043054672 -1304.5859045030338
0 -6637.899863129242 -1306.60108524505
0 -6621.1578937518025 -1308.5825606653016
0 -6604.320229032418 -1310.5305204645683
0 -6587.390963081153 -1312.445154343629
0 -6570.374190008072 -1314.3266520032648
0 -6553.27400392324 -1316.175203144251
0 -6536.094498936721 -1317.9909974673692
0 -6518.839769158577 -1319.7742246733978
0 -6501.513908698874 -1321.5250744631167
0 -6484.121011667675 -1323.2437365373034
0 -6466.665172175047 -1324.930400596737
0 -6449.15048433105 -1326.5852563421959
0 -6431.5810422457525 -1328.2084934744626
0 -6413.960940029217 -1329.800301694313
0 -6396.294271791507 -1331.3608707025269
0 -6378.585131642688 -1332.890390199882
0 -6360.837613692823 -1334.3890498871597
0 -6343.055812051977 -1335.8570394651379
0 -6325.243820830216 -1337.2945486345952
0 -6307.405734137601 -1338.7017670963114
0 -6289.545646084196 -1340.0788845510651
0 -6271.667650780069 -1341.426090699635
0 -6253.7758423352825 -1342.743575242801
0 -6235.874314859899 -1344.0315278813405
0 -6217.967162463984 -1345.290138316036
0 -6200.058479257602 -1346.5195962476619
0 -6182.152359350818 -1347.7200913770002
0 -6164.2528968536935 -1348.891813404829
0 -6146.364185876297 -1350.0349520319269
0 -6128.490320528688 -1351.1496969590744
0 -6110.635394920934 -1352.2362378870484
0 -6092.803503163099 -1353.2947645166305
0 -6074.998739365245 -1354.3254665485983
0 -6057.225197637438 -1355.3285336837298
0 -6039.486972089742 -1356.3041556228054
0 -6021.788156832223 -1357.252522066604
0 -6004.132845974941 -1358.1738227159049
0 -5986.525133627964 -1359.0682472714861
0 -5968.969113901356 -1359.9359854341255
0 -5951.468880905178 -1360.7772269046063
0 -5934.028528749497 -1361.5921613837036
0 -5916.6521515443765 -1362.3809785721978
0 -5899.343843399882 -1363.1438681708687
0 -5882.107698426075 -1363.8810198804922
0 -5864.947810733023 -1364.5926234018525
0 -5847.868274430787 -1365.2788684357238
0 -5830.873183629435 -1365.9399446828866
0 -5813.966632439027 -1366.5760418441223
0 -5797.152714969629 -1367.187349620206
0 -5780.435525331308 -1367.7740577119193
0 -5763.819157634125 -1368.3363558200417
0 -5747.307705988144 -1368.8744336453492
0 -5730.905264503431 -1369.3884808886241
0 -5714.6159272900495 -1369.8786872506444
0 -5698.443788458064 -1370.3452424321868
0 -5682.392942117538 -1370.7883361340337
0 -5666.467482378536 -1371.208158056962
0 -5650.671503351123 -1371.6048979017523
0 -5635.009099145363 -1371.9787453691815
0 -5619.484363871319 -1372.3298901600301
0 -5604.101391639057 -1372.6585219750777
0 -5588.86427655864 -1372.9648305151013
0 -5573.777112740133 -1373.2490054808814
0 -5558.8439942936 -1373.5112365731966
0 -5544.069015329104 -1373.7517134928257
0 -5529.456269956711 -1373.9706259405493
0 -5515.009852286485 -1374.1681636171443
0 -5500.73385642849 -1374.3445162233893
0 -5486.63237649279 -1374.4998734600658
0 -5472.709506589449 -1374.6344250279508
0 -5458.969340828532 -1374.7483606278247
0 -5445.415973320102 -1374.8418699604663
0 -5432.053498174226 -1374.9151427266524
0 -5418.886009500965 -1374.9683686271655
0 -5405.917601410384 -1375.0017373627825
0 -5393.152368012549 -1375.015438634282
0 -5380.594403417523 -1375.0096621424445
0 -5368.247801735369 -1374.984597588049
0 -5356.1166570761525 -1374.940434671873
0 -5344.205063549939 -1374.8773630946962
0 -5332.517115266792 -1374.7955725572983
0 -5321.056906336773 -1374.695252760458
0 -5309.82853086995 -1374.5765934049532
0 -5298.836082976385 -1374.4397841915643
0 -5288.083656766143 -1374.28501482107
0 -5277.575346349288 -1374.1124749942492
0 -5267.315245835885 -1373.9223544118804
0 -5257.307449335998 -1373.7148427747443
0 -5247.556050959691 -1373.4901297836177
0 -5238.065144817027 -1373.2484051392803
0 -5228.838825018072 -1372.9898585425126
0 -5219.881185672891 -1372.7146796940906
0 -5203.033438008929 -1372.161469256709
0 -5186.119593422695 -1371.5818470845898
0 -5169.1399411726825 -1370.9751606501359
0 -5152.094770517386 -1370.3407574257571
0 -5134.984370715301 -1369.6779848838614
0 -5117.809031024923 -1368.9861904968557
0 -5100.569040704745 -1368.2647217371468
0 -5083.264689013263 -1367.5129260771428
0 -5065.896265208971 -1366.7301509892523
0 -5048.464058550367 -1365.9157439458813
0 -5030.968358295941 -1365.069052419436
0 -5013.40945370419 -1364.189423882327
0 -4995.787634033611 -1363.276205806962
0 -4978.1031885426955 -1362.3287456657445
0 -4960.35640648994 -1361.346390931085
0 -4942.54757713384 -1360.3284890753903
0 -4924.676989732889 -1359.2743875710685
0 -4906.744933545582 -1358.1834338905255
0 -4888.751697830415 -1357.0549755061702
0 -4870.697571845881 -1355.8883598904104
0 -4852.582844850476 -1354.682934515652
0 -4834.407806102696 -1353.438046854304
0 -4816.172744861033 -1352.1530443787733
0 -4797.877950383983 -1350.8272745614668
0 -4779.523711930043 -1349.4600848747932
0 -4761.110318757706 -1348.0508227911587
0 -4742.638060125467 -1346.598835782972
0 -4724.10722529182 -1345.10347132264
0 -4705.518103515261 -1343.5640768825706
0 -4686.870984054286 -1341.9799999351699
0 -4668.166156167387 -1340.3505879528466
0 -4649.403909113059 -1338.6751884080086
0 -4630.5845321498 -1336.9531487730628
0 -4611.708314536103 -1335.1838165204153
0 -4592.775545530461 -1333.3665391224777
0 -4573.786514391372 -1331.5006640516522
0 -4554.74151037733 -1329.5855387803495
0 -4535.640822746829 -1327.6205107809774
0 -4516.484740758364 -1325.604927525942
0 -4497.2735536704295 -1323.5381364876512
0 -4478.007550741521 -1321.4194851385118
0 -4458.687021230134 -1319.2483209509328
0 -4439.312254394762 -1317.02399139732
0 -4419.883539493901 -1314.7458439500824
0 -4400.401165786045 -1312.4132260816277
0 -4380.865422529689 -1310.025485264362
0 -4361.276598983328 -1307.5819689706923
0 -4341.634984405457 -1305.082024673029
0 -4321.940868054571 -1302.5249998437766
0 -4302.194539189164 -1299.9102419553437
0 -4282.3962870677315 -1297.2370984801382
0 -4262.546400948769 -1294.504916890568
0 -4242.645170090769 -1291.713044659039
0 -4222.69288375223 -1288.8608292579593
0 -4202.689831191644 -1285.9476181597365
0 -4182.636301667506 -1282.9727588367787
0 -4162.5325844383115 -1279.9355987614927
0 -4142.378968762557 -1276.8354854062864
0 -4122.175743898734 -1273.6717662435658
0 -4101.923199105338 -1270.4437887457407
0 -4081.621623640868 -1267.150900385217
0 -4061.271306763814 -1263.7924486344045
0 -4040.8725377326728 -1260.3677809657074
0 -4020.425605805939 -1256.8762448515354
0 -3999.9308002421076 -1253.3171877642944
0 -3979.3884102996735 -1249.6899571763925
0 -3958.7987252371313 -1245.9939005602382
0 -3938.1620343129753 -1242.2283653882387
0 -3917.478626785702 -1238.3926991328008
0 -3896.748791913805 -1234.4862492663315
0 -3875.972818955779 -1230.5083632612404
0 -3855.15099717012 -1226.4583885899328
0 -3834.2836158153214 -1222.3356727248183
0 -3813.370964149879 -1218.1395631383011
0 -3792.4133314322876 -1213.8694073027918
0 -3771.411006921042 -1209.5245526906974
0 -3750.364279874636 -1205.104346774424
0 -3729.2734395515668 -1200.60813702638
0 -3708.138775210327 -1196.035270918972
0 -3686.9605761094117 -1191.3850959246092
0 -3665.739131507317 -1186.656959515698
0 -3644.4747306625372 -1181.850209164647
0 -3623.1676628335667 -1176.9641923438621
0 -3601.8182172789006 -1171.9982565257505
0 -3580.4266832570343 -1166.9517491827219
0 -3558.9933500264615 -1161.8240177871821
0 -3537.518506845678 -1156.6144098115383
0 -3516.002442973179 -1151.322272728199
0 -3494.4454476674578 -1145.9469540095715
0 -3472.8478101870105 -1140.4878011280634
0 -3451.2098197903315 -1134.9441615560827
0 -3429.531765735916 -1129.3153827660344
0 -3407.8139372822584 -1123.6008122303292
0 -3386.2276929062 -1117.6537411793179

0 -4515.099872721271 -1082.9234286395485
0 -4499.169728982903 -1085.35960336264
0 -4483.383289993291 -1087.7489624809868
0 -4467.738251558001 -1090.0914263180857
0 -4452.232309482597 -1092.3869151974332
0 -4436.8631595726465 -1094.6353494425211
0 -4421.628497633715 -1096.8366493768453
0 -4406.526019471368 -1098.9907353239023
0 -4391.553420891171 -1101.0975276071867
0 -4376.708397698691 -1103.1569465501925
0 -4361.988645699493 -1105.1689124764162
0 -4347.391860699143 -1107.1333457093524
0 -4332.915738503206 -1109.050166572496
0 -4318.557974917249 -1110.9192953893426
0 -4304.316265746837 -1112.7406524833877
0 -4290.188306797537 -1114.5141581781254
0 -4276.171793874914 -1116.2397327970511
0 -4262.264422784534 -1117.9172966636597
0 -4248.46388933196 -1119.5467701014477
0 -4234.767889322764 -1121.128073433908
0 -4221.174118562505 -1122.6611269845362
0 -4207.680272856754 -1124.1458510768289
0 -4194.284048011074 -1125.5821660342808
0 -4180.9831398310325 -1126.9699921803867
0 -4167.775244122195 -1128.3092498386413
0 -4154.658056690125 -1129.5998593325394
0 -4141.629273340392 -1130.8417409855783
0 -4128.686589878558 -1132.034815121251
0 -4115.827702110191 -1133.1790020630524
0 -4103.050305840858 -1134.2742221344788
0 -4090.3520968761222 -1135.320395659025
0 -4077.7307710215514 -1136.3174429601859
0 -4065.1840240827105 -1137.265284361457
0 -4052.7095518651654 -1138.163840186333
0 -4040.3050501744815 -1139.0130307583095
0 -4027.9682148162256 -1139.8127764008814
0 -4015.6967415959625 -1140.5629974375433
0 -4003.4883263192587 -1141.263614191791
0 -3991.34066479168 -1141.91454698712
0 -3979.251452818791 -1142.5157161470242
0 -3967.21838620616 -1143.0670419949993
0 -3955.239160759351 -1143.5684448545398
0 -3943.31147228393 -1144.0198450491425
0 -3931.433016585463 -1144.4211629023011
0 -3919.601489469516 -1144.7723187375113
0 -3907.8145867416542 -1145.073232878266
0 -3896.070004207444 -1145.3238256480645
0 -3884.365437672451 -1145.5240173703996
0 -3872.6985829422415 -1145.6737283687653
0 -3861.06713582238 -1145.772878966659
0 -3849.468792118434 -1145.8213894875744
0 -3837.901247635968 -1145.8191802550073
0 -3826.362198180549 -1145.7661715924523
0 -3814.849339557741 -1145.6622838234043
0 -3803.3603675731124 -1145.5074372713589
0 -3791.8929780322264 -1145.3015522598125
0 -3780.444866740651 -1145.0445491122573
0 -3769.01372950395 -1144.7363481521907
0 -3757.59726212769 -1144.3768697031064
0 -3746.193160417439 -1143.966034088502
0 -3734.799120178759 -1143.5037616318687
0 -3723.412837217218 -1142.9899726567046
0 -3712.0320073383823 -1142.4245874865046
0 -3700.654326347816 -1141.8075264447625
0 -3689.2774900510863 -1141.1387098549749
0 -3677.8991942537587 -1140.4180580406355
0 -3666.5171347613978 -1139.64549132524
0 -3655.1290073795717 -1138.8209300322824
0 -3643.732507913844 -1137.9442944852608
0 -3632.3253321697825 -1137.0155050076683
0 -3620.905175952951 -1136.0344819229995
0 -3609.4697350689175 -1135.00114555475
0 -3598.0167053232453 -1133.9154162264158
0 -3586.5437825215026 -1132.7772142614913
0 -3575.048662469254 -1131.5864599834704
0 -3563.529040972065 -1130.3430737158515
0 -3551.9826138355024 -1129.0469757821274
0 -3540.4070768651313 -1127.6980865057922
0 -3528.8001258665176 -1126.296326210343
0 -3517.1594566452272 -1124.841615219275
0 -3505.482765006826 -1123.3338738560815
0 -3493.7677467568806 -1121.7730224442585
0 -3482.012097700955 -1120.1589813073024
0 -3470.213513644617 -1118.4916707687062
0 -3458.3696903934306 -1116.7710111519664
0 -3446.4783237529628 -1114.9969227805777
0 -3434.5371095287783 -1113.1693259780359
0 -3422.5437435264444 -1111.2881410678347
0 -3410.4959215515264 -1109.3532883734706
0 -3398.3913394095894 -1107.3646882184375
0 -3386.2276929062 -1105.3222609262311

0 -3386.2276929062 -1105.3222609262311
0 -3386.2276929062 -1117.6537411793179

0 -4515.099872721271 -609.110351483695
0 -4505.431949184799 -610.8207517019864
0 -4495.675581777282 -612.5243253839235
0 -4485.83242873229 -614.2206222899458
0 -4475.904148283394 -615.909192180492
0 -4465.892398664161 -617.5895848160062
0 -4455.798838108168 -619.2613499569243
0 -4445.62512484898 -620.9240373636912
0 -4435.3729171201685 -622.5771967967403
0 -4425.043873155306 -624.2203780165173
0 -4414.63965118796 -625.8531307834601
0 -4404.161909451705 -627.4750048580099
0 -4393.612306180106 -629.0855500006055
0 -4382.992499606738 -630.6843159716873
0 -4372.304147965169 -632.2708525316957
0 -4361.54890948897 -633.8447094410712
0 -4350.728442411712 -635.4054364602534
0 -4339.844404966966 -636.9525833496828
0 -4328.898455388301 -638.4856998697987
0 -4317.892251909288 -640.0043357810418
0 -4306.827452763496 -641.5080408438498
0 -4295.705716184499 -642.9963648186667
0 -4284.528700405864 -644.4688574659313
0 -4273.298063661163 -645.9250685460829
0 -4262.015464183965 -647.3645478195604
0 -4250.6825602078425 -648.7868450468077
0 -4239.301009966365 -650.1915099882608
0 -4227.872471693103 -651.578092404362
0 -4216.3986036216265 -652.9461420555535
0 -4204.881063985506 -654.2952087022713
0 -4193.321511018313 -655.6248421049559
0 -4181.721602953617 -656.9345920240494
0 -4170.082998024988 -658.2240082199905
0 -4158.407354465998 -659.4926404532216
0 -4146.6963305102145 -660.7400384841785
0 -4134.951584391212 -661.9657520733035
0 -4123.174774342558 -663.1693309810398
0 -4111.3675585978235 -664.3503249678224
0 -4099.531595390579 -665.5082837940972
0 -4087.668542954396 -666.6427572202983
0 -4075.7800595228437 -667.753295006868
0 -4063.8678033294927 -668.8394469142486
0 -4051.933432607914 -669.9007627028759
0 -4039.978605591677 -670.9367921331923
0 -4028.0049805143535 -671.9470849656391
0 -4016.0142156095126 -672.9311909606558
0 -4004.0079691107258 -673.8886598786812
0 -3991.9878992515623 -674.8190414801575
0 -3979.955664265594 -675.7218855255205
0 -3967.912922386391 -676.5967417752154
0 -3955.8613318475227 -677.4431599896807
0 -3943.802550882561 -678.2606899293551
0 -3931.7382377250747 -679.0488813546799
0 -3919.6700506086354 -679.8072840260938
0 -3907.599647766813 -680.5354477040382
0 -3895.528687433179 -681.2329221489526
0 -3883.458827841302 -681.8992571212766
0 -3871.3917272247545 -682.5340023814542
0 -3859.3290438171052 -683.1367076899187
0 -3847.272435851926 -683.706922807115
0 -3835.2235615627856 -684.2441974934827
0 -3823.1840791832556 -684.7480815094614
0 -3811.1556469469065 -685.2181246154905
0 -3799.1399230873076 -685.6538765720115
0 -3787.1385658380314 -686.0548871394631
0 -3775.153233432646 -686.4207060782855
0 -3763.1855841047236 -686.7508831489195
0 -3751.2372760878343 -687.0449681118043
0 -3739.3099676155475 -687.3025107273816
0 -3727.4053169214344 -687.5230607560889
0 -3715.524982239066 -687.7061679583694
0 -3703.6706218020113 -687.85138209466
0 -3691.8438938438426 -687.9582529254039
0 -3680.0464565981288 -688.0263302110397
0 -3668.27996829844 -688.0551637120079
0 -3656.546087178348 -688.0443031887471
0 -3644.8464714714232 -687.9932984016987
0 -3633.1827794112355 -687.901699111304
0 -3621.5566692313546 -687.7690550779989
0 -3609.969799165352 -687.5949160622276
0 -3598.423827446798 -687.3788318244287
0 -3586.9204123092627 -687.1203521250445
0 -3575.4612119863173 -686.8190267245109
0 -3564.047884711531 -686.474405383271
0 -3552.682088718475 -686.0860378617635
0 -3541.3654822407198 -685.653473920429
0 -3530.0997235118357 -685.1762633197077
0 -3518.886470765392 -684.6539558200411
0 -3507.7273822349616 -684.0861011818652
0 -3496.624116154113 -683.4722491656257
0 -3485.5783307564166 -682.8119495317578
0 -3474.5916842754445 -682.1047520407028
0 -3463.6658349447657 -681.350206452903
0 -3452.8024409979503 -680.5478625287942
0 -3442.00316066857 -679.6972700288215
0 -3431.269652190195 -678.7979787134245
0 -3420.603573796395 -677.84953834304
0 -3410.0065837207403 -676.8514986781083
0 -3399.480340196802 -675.8034094790719
0 -3389.026501458151 -674.7048205063693
0 -3381.842585206353 -673.9106876275673
0 -3374.520733489044 -673.0637688633296
0 -3367.0631416764522 -672.1644606815935
0 -3359.472005138806 -671.2131595502879
0 -3351.749519246333 -670.2102619373436
0 -3343.8978793692613 -669.1561643107016
0 -3335.91928087782 -668.0512631382853
0 -3327.815919142236 -666.8959548880321
0 -3319.5899895327375 -665.6906360278736
0 -3311.2436874195528 -664.4357030257415
0 -3302.7792081729103 -663.1315523495705
0 -3294.1987471630373 -661.778580467294
0 -3285.504499760163 -660.377183846841
0 -3276.698661334515 -658.9277589561443
0 -3267.7834272563205 -657.4307022631419
0 -3258.760992895809 -655.8864102357593
0 -3249.6335536232077 -654.2952793419345
0 -3240.403304808745 -652.6577060495956
0 -3231.0724418226487 -650.9740868266808
0 -3221.643160035147 -649.2448181411173
0 -3212.117654816468 -647.4702964608423
0 -3202.49812153684 -645.6509182537839
0 -3192.786755566491 -643.7870799878792
0 -3182.9857522756492 -641.8791781310583
0 -3173.097307034542 -639.9276091512547
0 -3163.1236152133984 -637.9327695163984
0 -3153.066872182446 -635.8950556944246
0 -3142.9292733119123 -633.8148641532671
0 -3132.7130139720266 -631.6925913608566
0 -3122.4202895330163 -629.5286337851267
0 -3112.053295365109 -627.3233878940073
0 -3101.614226838534 -625.0772501554338
0 -3091.1052793235185 -622.790617037339
0 -3080.528648190291 -620.4638850076544
0 -3069.8865288090797 -618.0974505343129
0 -3059.1811165501117 -615.6917100852479
0 -3048.4146067836155 -613.2470601283912
0 -3037.5891948798203 -610.7638971316746
0 -3026.707076208953 -608.2426175630308
0 -3015.770446141242 -605.6836178903977
0 -3004.7815000469154 -603.0872945816982
0 -2993.7424332962014 -600.4540441048739
0 -2982.6554412593277 -597.7842629278512
0 -2971.5227193065225 -595.0783475185699
0 -2960.346462808014 -592.3366943449528
0 -2949.1288671340308 -589.5596998749397
0 -2937.8721276548004 -586.7477605764634
0 -2926.578439740551 -583.9012729174519
0 -2915.2499987615106 -581.0206333658407
0 -2903.8890000879073 -578.1062383895642
0 -2892.4976390899687 -575.1584844565496
0 -2881.0781111379238 -572.1777680347368
0 -2869.632611602001 -569.1644855920513
0 -2858.1633358524264 -566.1190335964293
0 -2846.67247925943 -563.0418085158053
0 -2835.162237193239 -559.9332068181066
0 -2823.634805024082 -556.793624971273
0 -2812.092378122187 -553.6234594432281
0 -2800.5371518577813 -550.4231067019136
0 -2788.9713216010937 -547.1929632152587
0 -2777.397082722352 -543.9334254511923
0 -2765.8166305917853 -540.6448898776489
0 -2754.2321605796196 -537.3277529625648
0 -2742.6458680560854 -533.9824111738708
0 -2731.059948391409 -530.6092609794978
0 -2719.4765969558184 -527.2086988473802
0 -2707.898009119543 -523.781121245449
0 -2696.32638025281 -520.3269246416385
0 -2684.763905725848 -516.8465055038814
0 -2673.2127809088847 -513.3402603001086
0 -2661.6752011721483 -509.8085854982546
0 -2650.153361885866 -506.2518775662502
0 -2638.649458420268 -502.670532972028
0 -2627.1656861455804 -499.0649481835244
0 -2615.7042404320323 -495.43551966866653
0 -2604.267316649851 -491.7826438953907
0 -2592.8571101692655 -488.1067173316278
0 -2581.4758163605034 -484.40813644531227
0 -2570.1256305937927 -480.68729770437494
0 -2558.8087482393616 -476.9445975767503
0 -2547.527364667438 -473.1804325303692
0 -2536.283675248251 -469.3951990331643
0 -2525.079875352027 -465.5892935530701
0 -2513.9181603489947 -461.7631125580174
0 -2502.8007256093833 -457.91705251593885
0 -2491.7297665034193 -454.0515098947708
0 -2480.7074784013316 -450.1668811624386
0 -2469.7360566733487 -446.26356278688036
0 -2458.8176966896976 -442.34195123602876
0 -2447.954593820607 -438.4024429778128
0 -2437.148943436305 -434.44543448016884
0 -2426.40294090702 -430.4713222110295
0 -2415.7187816029796 -426.48050263832374
0 -2405.0986608944118 -422.4733722299861
0 -2396.5429620274563 -419.1429279471813

0 -2842.565283534461 -430.13555606499904
0 -2835.618693875491 -430.26082284779477
0 -2831.2831693710673 -430.38233067788315
0 -2827.0075981288014 -430.49993869907485
0 -2822.7897272318396 -430.6135060551733
0 -2818.627303763328 -430.7228918899873
0 -2814.5180748064126 -430.82795534732577
0 -2810.45978744424 -430.92855557099756
0 -2806.4501887599567 -431.0245517048079
0 -2802.4870258367087 -431.1158028925656
0 -2798.568045757642 -431.2021682780778
0 -2794.6909956059017 -431.2835070051533
0 -2790.8536224646364 -431.3596782176028
0 -2787.053673416991 -431.430541059226
0 -2783.2888955461117 -431.49595467384097
0 -2779.557035935145 -431.5557782052456
0 -2775.8558416672367 -431.609870797256
0 -2772.1830598255333 -431.65809159367564
0 -2768.5364374931814 -431.7002997383115
0 -2764.913721753326 -431.73635437497614
0 -2761.312659689115 -431.7661146474711
0 -2757.730998383694 -431.78943969961074
0 -2754.166484920208 -431.8061886751966
0 -2750.616866381805 -431.8162207180394
0 -2747.07988985163 -431.8193949719498
0 -2743.55330241283 -431.8155705807294
0 -2740.0348511485504 -431.8046066881907
0 -2736.522283141938 -431.7863624381407
0 -2733.013345476139 -431.7606969743865
0 -2729.505785234299 -431.72746944073697
0 -2725.9973494995656 -431.6865389809973
0 -2722.4857853550834 -431.63776473897815
0 -2718.968839884 -431.5810058584866
0 -2715.444260169461 -431.5161214833297
0 -2711.909793294612 -431.44297075731447
0 -2708.3631863426 -431.3614128242516
0 -2704.802186396571 -431.27130682794814
0 -2701.2245405396716 -431.1725119122111
0 -2697.627995855047 -431.0648872208458
0 -2694.010299425845 -430.9482918976646
0 -2690.3691983352105 -430.8225850864728
0 -2686.70243966629 -430.6876259310793
0 -2683.00777050223 -430.5432735752893
0 -2679.282937926177 -430.3893871629152
0 -2675.525689021276 -430.22582583775875
0 -2671.733770870674 -430.05244874363416
0 -2667.904930557517 -429.86911502434486
0 -2664.0369151649525 -429.67568382370155
0 -2660.127471776125 -429.47201428550943
0 -2656.1743474741816 -429.2579655535774
0 -2652.175289342268 -429.03339677171243
0 -2648.128044463531 -428.7981670837253
0 -2644.030359921117 -428.55213563342295
0 -2639.8799827981707 -428.29516156460886
0 -2635.67466017784 -428.0271040210955
0 -2631.41213914327 -427.74782214668994
0 -2627.0901667776075 -427.4571750851992
0 -2622.706490163999 -427.1550219804285
0 -2618.2588563855898 -426.84122197619035
0 -2613.7450125255273 -426.5156342162918
0 -2609.1627056669568 -426.17811784453806
0 -2604.5096828930245 -425.8285320047398
0 -2599.7836912868775 -425.4667358407023
0 -2594.982477931661 -425.09258849623257
0 -2590.1037899105213 -424.70594911514127
0 -2585.1453743066054 -424.3066768412373
0 -2580.1049782030595 -423.8946308183258
0 -2574.9803486830288 -423.46967019021395
0 -2569.7692328296603 -423.03165410071233
0 -2564.4693777261 -422.5804416936262
0 -2559.0785304554943 -422.1158921127644
0 -2553.5944381009886 -421.63786450193584
0 -2548.0148477457305 -421.1462180049457
0 -2542.3375064728657 -420.64081176560285
0 -2536.56016136554 -420.1215049277198
0 -2530.6805595068995 -419.5881566350963
0 -2524.696447980091 -419.0406260315449
0 -2518.60557386826 -418.4787722608726
0 -2512.4056842545538 -417.9024544668864
0 -2506.0945262221176 -417.3115317933971
0 -2499.669846854099 -416.7058633842098
0 -2493.1293932336416 -416.0853083831298
0 -2486.4709124438946 -415.4497259339714
0 -2479.6921515680024 -414.79897518053804
0 -2472.7908576891114 -414.1329152666385
0 -2465.764777890369 -413.4514053360799
0 -2458.6116592549197 -412.7543045326711
0 -2451.329248865911 -412.0414720002209
0 -2443.9152938064885 -411.31276688253456
0 -2436.3675411597987 -410.56804832342095
0 -2428.683738008988 -409.80717546668893
0 -2420.8616314372016 -409.03000745614554
0 -2412.8989685275874 -408.236403435596
0 -2404.7934963632897 -407.4262225488528
0 -2396.5429620274563 -406.5993239397212

0 -2396.5429620274563 -406.5993239397212
0 -2396.5429620274563 -419.1429279471813

0 -2842.565283534461 -295.55326107524706
0 -2842.565283534461 -296.91267819635505
0 -2842.565283534461 -298.272095317463
0 -2842.565283534461 -299.6315124385728
0 -2842.565283534461 -300.990929559679
0 -2842.565283534461 -302.3503466807888
0 -2842.565283534461 -303.7097638018986
0 -2842.565283534461 -305.06918092300657
0 -2842.565283534461 -306.42859804411637
0 -2842.565283534461 -307.78801516522435
0 -2842.565283534461 -309.1474322863305
0 -2842.565283534461 -310.5068494074403
0 -2842.565283534461 -311.8662665285483
0 -2842.565283534461 -313.2256836496581
0 -2842.565283534461 -314.5851007707679
0 -2842.565283534461 -315.9445178918759
0 -2842.565283534461 -317.30393501298386
0 -2842.565283534461 -318.66335213409184
0 -2842.565283534461 -320.0227692551998
0 -2842.565283534461 -321.3821863763096
0 -2842.565283534461 -322.7416034974176
0 -2842.565283534461 -324.1010206185256
0 -2842.565283534461 -325.4604377396372
0 -2842.565283534461 -326.8198548607452
0 -2842.565283534461 -328.17927198185134
0 -2842.565283534461 -329.53868910296114
0 -2842.565283534461 -330.8981062240691
0 -2842.565283534461 -332.2575233451771
0 -2842.565283534461 -333.6169404662869
0 -2842.565283534461 -334.9763575873949
0 -2842.565283534461 -336.3357747085047
0 -2842.565283534461 -337.69519182961267
0 -2842.565283534461 -339.05460895072065
0 -2842.565283534461 -340.41402607183045
0 -2842.565283534461 -341.77344319293843
0 -2842.565283534461 -343.1328603140464
0 -2842.565283534461 -344.4922774351562
0 -2842.565283534461 -345.8516945562624
0 -2842.565283534461 -347.2111116773722
0 -2842.565283534461 -348.570528798482
0 -2842.565283534461 -349.92994591958995
0 -2842.565283534461 -351.28936304069975
0 -2842.565283534461 -352.64878016180774
0 -2842.565283534461 -354.0081972829139
0 -2842.565283534461 -355.3676144040237
0 -2842.565283534461 -356.7270315251317
0 -2842.565283534461 -358.08644864623966
0 -2842.565283534461 -359.4458657673513
0 -2842.565283534461 -360.80528288845926
0 -2842.565283534461 -362.16470000956724
0 -2842.565283534461 -363.5241171306752
0 -2842.565283534461 -364.8835342517832
0 -2842.565283534461 -366.242951372893
0 -2842.565283534461 -367.602368494001
0 -2842.565283534461 -368.96178561510897
0 -2842.565283534461 -370.3212027362206
0 -2842.565283534461 -371.68061985732857
0 -2842.565283534461 -373.0400369784347
0 -2842.565283534461 -374.3994540995445
0 -2842.565283534461 -375.7588712206525
0 -2842.565283534461 -377.1182883417605
0 -2842.565283534461 -378.4777054628703
0 -2842.565283534461 -379.83712258397827
0 -2842.565283534461 -381.19653970508807
0 -2842.565283534461 -382.55595682619605
0 -2842.565283534461 -383.91537394730403
0 -2842.565283534461 -385.27479106841383
0 -2842.565283534461 -386.6342081895218
0 -2842.565283534461 -387.9936253106298
0 -2842.565283534461 -389.3530424317396
0 -2842.565283534461 -390.71245955284576
0 -2842.565283534461 -392.07187667395374
0 -2842.565283534461 -393.43129379506536
0 -2842.565283534461 -394.79071091617334
0 -2842.565283534461 -396.15012803728314
0 -2842.565283534461 -397.5095451583911
0 -2842.565283534461 -398.8689622794973
0 -2842.565283534461 -400.2283794006071
0 -2842.565283534461 -401.58779652171506
0 -2842.565283534461 -402.94721364282304
0 -2842.565283534461 -404.30663076393466
0 -2842.565283534461 -405.66604788504264
0 -2842.565283534461 -407.02546500615244
0 -2842.565283534461 -408.3848821272586
0 -2842.565283534461 -409.7442992483666
0 -2842.565283534461 -411.1037163694764
0 -2842.565283534461 -412.46313349058437
0 -2842.565283534461 -413.82255061169235
0 -2842.565283534461 -415.18196773280397
0 -2842.565283534461 -416.54138485391195
0 -2842.565283534461 -417.9008019750181
0 -2842.565283534461 -419.2602190961279
0 -2842.565283534461 -420.6196362172359
0 -2842.565283534461 -421.9790533383457
0 -2842.565283534461 -423.3384704594537
0 -2842.565283534461 -424.69788758056166
0 -2842.565283534461 -426.05730470166964
0 -2842.565283534461 -427.41672182277944
0 -2842.565283534461 -428.7761389438874
0 -2842.565283534461 -430.13555606499904

0 -2842.565283534461 -295.55326107524706
0 -2842.511564675645 -295.5539652816733
0 -2842.351629503319 -295.55605353148167
0 -2842.087310123669 -295.55948927046484
0 -2841.7204386428784 -295.5642359444173
0 -2841.2528471671326 -295.5702569991299
0 -2840.6863678026157 -295.57751588039537
0 -2840.022832655513 -295.58597603401176
0 -2839.264073832008 -295.59560090576633
0 -2838.4119234382856 -295.60635394145356
0 -2837.468213580531 -295.61819858686795
0 -2836.4347763649284 -295.63109828780216
0 -2835.3134438976626 -295.6450164900489
0 -2834.106048284918 -295.6599166394026
0 -2832.814421632879 -295.6757621816523
0 -2831.440396047731 -295.6925165625962
0 -2829.9858036356577 -295.7101432280233
0 -2828.452476502844 -295.7286056237299
0 -2826.842246755475 -295.74786719550684
0 -2825.1569464997347 -295.7678913891468
0 -2823.398407841808 -295.78864165044433
0 -2821.56846288788 -295.81008142519386
0 -2819.6689437441337 -295.83217415918443
0 -2817.7016825167548 -295.85488329821237
0 -2815.6685113119274 -295.8781722880685
0 -2813.571262235837 -295.9020045745492
0 -2811.411767394668 -295.92634360344346
0 -2809.191858894604 -295.95115282054576
0 -2806.9133688418306 -295.97639567165425
0 -2804.5781293425316 -296.0020356025525
0 -2802.187972502893 -296.02803605903864
0 -2799.7447304290977 -296.05436048690717
0 -2797.2502352273314 -296.08097233195076
0 -2794.7063190037784 -296.10783503996026
0 -2792.1148138646236 -296.1349120567302
0 -2789.4775519160503 -296.16216682805316
0 -2786.7963652642447 -296.1895627997201
0 -2784.0730860153913 -296.21706341752906
0 -2781.3095462756733 -296.24463212726914
0 -2778.5075781512764 -296.2722323747348
0 -2775.669013748385 -296.2998276057169
0 -2772.7956851731838 -296.3273812660136
0 -2769.8894245318575 -296.3548568014139
0 -2766.95206393059 -296.3822176577105
0 -2763.985435475567 -296.4094272806997
0 -2760.991371272972 -296.4364491161705
0 -2757.97170342899 -296.4632466099192
0 -2754.928264049806 -296.4897832077386
0 -2751.8628852416045 -296.5160223554194
0 -2748.7773991105696 -296.5419274987562
0 -2745.673637762886 -296.56746208354343
0 -2742.5534333047385 -296.5925895555738
0 -2739.4186178423115 -296.6172733606345
0 -2736.27102348179 -296.6414769445273
0 -2733.112482329359 -296.6651637530431
0 -2729.9448264912016 -296.68829723197086
0 -2726.7698880735043 -296.71084082710513
0 -2723.5894991824503 -296.7327579842404
0 -2720.405491924224 -296.7540121491693
0 -2717.2196984050106 -296.7745667676845
0 -2714.0339507309955 -296.7943852855824
0 -2710.850081008362 -296.8134311486501
0 -2707.669921343295 -296.831667802684
0 -2704.4953038419794 -296.84905869347676
0 -2701.3280606106 -296.865567266821
0 -2698.170023755341 -296.8811569685113
0 -2695.023025382387 -296.8957912443402
0 -2691.888897597922 -296.9094335400987
0 -2688.7694725081324 -296.9220473015812
0 -2685.6665822192012 -296.9335959745822
0 -2682.5820588373135 -296.9440430048944
0 -2679.5177344686535 -296.95335183830866
0 -2676.475441219407 -296.96148592061945
0 -2673.457011195758 -296.96840869762127
0 -2670.46427650389 -296.974083615105
0 -2667.4990692499887 -296.9784741188614
0 -2664.5632215402384 -296.98154365469054
0 -2661.6585654808246 -296.98325566837775
0 -2658.78693317793 -296.983573605723
0 -2655.9501567377406 -296.9824609125153
0 -2653.150068266441 -296.9798810345492
0 -2650.388499870216 -296.97579741761547
0 -2647.667283655249 -296.97017350750866
0 -2644.988251727725 -296.96297275002325
0 -2642.353236193829 -296.95415859095374
0 -2639.764069159746 -296.9436944760855
0 -2637.2225827316597 -296.9315438512185
0 -2634.730609015756 -296.91767016214544
0 -2632.289980118218 -296.9020368546553
0 -2629.90252814523 -296.88460737454625
0 -2627.570085202979 -296.8653451676091
0 -2625.294483397647 -296.8442136796348
0 -2623.07755483542 -296.8211763564177
0 -2620.921131622483 -296.7961966437524
0 -2618.8270458650195 -296.76923798742973
0 -2616.797129669214 -296.740263833246
0 -2614.833215141252 -296.70923762699204
0 -2612.937134387317 -296.67612281446054
0 -2611.1107195135955 -296.640882841446
0 -2609.3558026262704 -296.6034811537411
0 -2602.144695327224 -296.4113914988411
0 -2594.9681816317525 -296.15921764277664
0 -2587.825135275769 -295.8472682676911
0 -2580.7144299951874 -295.47585205573705
0 -2573.6349395259203 -295.045277689067
0 -2566.5855376038803 -294.5558538498299
0 -2559.565097964982 -294.00788922017637
0 -2552.5724943451373 -293.4016924822554
0 -2545.60660048026 -292.7375723182231
0 -2538.6662901062627 -292.0158374102266
0 -2531.7504369590583 -291.2367964404166
0 -2524.857914774562 -290.4007580909456
0 -2517.9875972886844 -289.5080310439607
0 -2511.13835823734 -288.5589239816145
0 -2504.3090713564425 -287.55374558605945
0 -2497.4986103819033 -286.4928045394445
0 -2490.7058490496374 -285.3764095239221
0 -2483.9296610955566 -284.20486922163946
0 -2477.1689202555744 -282.97849231475084
0 -2470.422500265605 -281.69758748540335
0 -2463.6892748615605 -280.36246341575315
0 -2456.968117779354 -278.9734287879455
0 -2450.2579027548986 -277.530792284133
0 -2443.5575035241086 -276.0348625864681
0 -2436.8657938228957 -274.4859483770979
0 -2430.1816473871736 -272.88435833817675
0 -2423.5039379528566 -271.23040115185177
0 -2416.831539255856 -269.52438550027546
0 -2410.163325032086 -267.7666200656022
0 -2403.498169017459 -265.9574135299772
0 -2396.8349449478897 -264.09707457555305
0 -2390.1725265592895 -262.1859118844841
0 -2383.509787587573 -260.22423413891374
0 -2376.8456017686526 -258.2123500209982
0 -2370.1788428384416 -256.15056821288454
0 -2363.5083845328527 -254.0391973967271
0 -2356.8331005877994 -251.8785462546748
0 -2350.151864739196 -249.66892346887835
0 -2343.463550722953 -247.41063772148664
0 -2336.767032274987 -245.10399769465585
0 -2330.061183131208 -242.74931207053123
0 -2323.3448770275313 -240.34688953126533
0 -2316.616987699869 -237.89703875900886
0 -2309.876388884134 -235.40006843591436
0 -2303.1219543162406 -232.8562872441289
0 -2296.3525577321016 -230.26600386580867
0 -2289.567072867629 -227.62952698309527
0 -2282.7643734587373 -224.94716527814853
0 -2275.943333241339 -222.2192274331137
0 -2269.102825951348 -219.44602213014514
0 -2262.241725324677 -216.62785805139174
0 -2255.358905097239 -213.7650438790024
0 -2248.4532390049476 -210.8578882951315
0 -2241.5236007837148 -207.90669998192607
0 -2234.568864169455 -204.91178762153868
0 -2227.5879028980808 -201.87345989612186
0 -2220.5795907055062 -198.7920254878245
0 -2213.542801327643 -195.6677930787955
0 -2206.4764085004053 -192.50107135118924
0 -2199.3792859597056 -189.29216898715276
0 -2192.250307441458 -186.04139466884044
0 -2185.0883466815753 -182.74905707839935
0 -2177.8922774159696 -179.41546489798202
0 -2170.660973380556 -176.040926809741
0 -2163.393308311246 -172.62575149582335
0 -2156.088155943953 -169.17024763838162
0 -2148.7443900145913 -165.67472391956653
0 -2141.3608842590734 -162.1394890215288
0 -2133.936512413312 -158.5648516264191
0 -2126.47014821322 -154.9511204163864
0 -2118.960665394712 -151.29860407358683
0 -2111.4069376937005 -147.60761128016384
0 -2103.807838846098 -143.8784507182736
0 -2096.1622425878186 -140.1114310700632
0 -2088.4690226547746 -136.30686101768515
0 -2080.72705278288 -132.46504924329201
0 -2072.9352067080467 -128.58630442903086
0 -2065.092358166189 -124.67093525705423
0 -2057.1973808932207 -120.719250409511
0 -2049.2491486250533 -116.73155856855556
0 -2041.246535097601 -112.70816841633678
0 -2033.188414046776 -108.64938863500356
0 -2025.073659208493 -104.55552790670845
0 -2016.9011443186635 -100.42689491360215
0 -2008.6697431132025 -96.2637983378354
0 -2000.3783293280212 -92.06654686155889
0 -1992.0257766990337 -87.83544916692335
0 -1983.6109589621533 -83.57081393607768
0 -1975.132749853293 -79.27294985117442
0 -1966.590023108366 -74.94216559436609
0 -1957.9816524632856 -70.57876984779796
0 -1949.3065116539642 -66.18307129362438
0 -1940.563474416316 -61.75537861399971
0 -1931.7514144862535 -57.29600049106557
0 -1922.86920559969 -52.80524560697995
0 -1913.915721492539 -48.28342264389357
0 -1904.8898359007133 -43.73084028395169
0 -1895.790422560126 -39.14780720930867
0 -1886.6163552066905 -34.53463210211521

0 -7183.873542805269 0.0
0 -7130.3658944456865 0.0
0 -7076.858246086105 0.0
0 -7023.350597726524 0.0
0 -6969.842949366942 0.0
0 -6916.335301007361 0.0
0 -6862.827652647778 0.0
0 -6809.320004288197 0.0
0 -6755.812355928615 0.0
0 -6702.304707569034 0.0
0 -6648.7970592094525 0.0
0 -6595.28941084987 0.0
0 -6541.781762490289 0.0
0 -6488.274114130707 0.0
0 -6434.766465771126 0.0
0 -6381.258817411544 0.0
0 -6327.751169051963 0.0
0 -6274.243520692381 0.0
0 -6220.735872332799 0.0
0 -6167.228223973218 0.0
0 -6113.720575613635 0.0
0 -6060.212927254054 0.0
0 -6006.705278894473 0.0
0 -5953.197630534892 0.0
0 -5899.6899821753095 0.0
0 -5846.182333815728 0.0
0 -5792.674685456147 0.0
0 -5739.167037096566 0.0
0 -5685.659388736984 0.0
0 -5632.151740377402 0.0
0 -5578.64409201782 0.0
0 -5525.136443658239 0.0
0 -5471.628795298657 0.0
0 -5418.1211469390755 0.0
0 -5364.613498579494 0.0
0 -5311.105850219913 0.0
0 -5257.598201860331 0.0
0 -5204.090553500749 0.0
0 -5150.582905141167 0.0
0 -5097.075256781586 0.0
0 -5043.567608422004 0.0
0 -4990.059960062423 0.0
0 -4936.5523117028415 0.0
0 -4883.044663343259 0.0
0 -4829.537014983678 0.0
0 -4776.029366624096 0.0
0 -4722.521718264515 0.0
0 -4669.0140699049325 0.0
0 -4615.506421545351 0.0
0 -4561.998773185771 0.0
0 -4508.491124826188 0.0
0 -4454.983476466606 0.0
0 -4401.475828107024 0.0
0 -4347.968179747444 0.0
0 -4294.460531387863 0.0
0 -4240.952883028281 0.0
0 -4187.445234668699 0.0
0 -4133.937586309117 0.0
0 -4080.4299379495365 0.0
0 -4026.9222895899547 0.0
0 -3973.4146412303726 0.0
0 -3919.906992870791 0.0
0 -3866.3993445112096 0.0
0 -3812.8916961516275 0.0
0 -3759.384047792046 0.0
0 -3705.876399432465 0.0
0 -3652.3687510728832 0.0
0 -3598.8611027133015 0.0
0 -3545.3534543537194 0.0
0 -3491.845805994138 0.0
0 -3438.3381576345564 0.0
0 -3384.830509274975 0.0
0 -3331.3228609153934 0.0
0 -3277.8152125558117 0.0
0 -3224.3075641962305 0.0
0 -3170.799915836649 0.0
0 -3117.2922674770675 0.0
0 -3063.784619117486 0.0
0 -3010.276970757904 0.0
0 -2956.7693223983224 0.0
0 -2903.2616740387407 0.0
0 -2849.7540256791594 0.0
0 -2796.246377319577 0.0
0 -2742.738728959996 0.0
0 -2689.2310806004143 0.0
0 -2635.7234322408326 0.0
0 -2582.215783881252 0.0
0 -2528.708135521669 0.0
0 -2475.2004871620884 0.0
0 -2421.6928388025067 0.0
0 -2368.185190442925 0.0
0 -2314.6775420833433 0.0
0 -2261.1698937237616 0.0
0 -2207.6622453641808 0.0
0 -2154.1545970045977 0.0
0 -2100.646948645017 0.0
0 -2047.1393002854352 0.0
0 -1993.6316519258535 0.0
0 -1940.124003566273 0.0
0 -1886.616355206691 0.0

0 -5769.561343762609 -1028.0503728496506
0 -5769.561343762609 -1021.4883553967593
0 -5769.561343762609 -1014.276710793516
0 -5769.561343762609 -1007.0650661902755
0 -5769.561343762609 -999.8534215870332
0 -5769.561343762609 -992.6417769837908
0 -5769.561343762609 -985.4301323805494
0 -5769.561343762609 -978.2184877773079
0 -5769.561343762609 -971.0068431740656
0 -5769.561343762609 -963.7951985708241
0 -5769.561343762609 -956.5835539675827
0 -5769.561343762609 -949.3719093643394
0 -5769.561343762609 -942.1602647610989
0 -5769.561343762609 -934.9486201578566
0 -5769.561343762609 -927.7369755546151
0 -5769.561343762609 -920.5253309513737
0 -5769.561343762609 -913.3136863481313
0 -5769.561343762609 -906.1020417448899
0 -5769.561343762609 -898.8903971416476
0 -5769.561343762609 -891.6787525384061
0 -5769.561343762609 -884.4671079351647
0 -5769.561343762609 -877.2554633319223
0 -5769.561343762609 -870.0438187286809
0 -5769.561343762609 -862.8321741254385
0 -5769.561343762609 -855.6205295221971
0 -5769.561343762609 -848.4088849189548
0 -5769.561343762609 -841.1972403157133
0 -5769.561343762609 -833.9855957124719
0 -5769.561343762609 -826.7739511092295
0 -5769.561343762609 -819.5623065059881
0 -5769.561343762609 -812.3506619027457
0 -5769.561343762609 -805.1390172995043
0 -5769.561343762609 -797.927372696262
0 -5769.561343762609 -790.7157280930205
0 -5769.561343762609 -783.5040834897791
0 -5769.561343762609 -776.2924388865367
0 -5769.561343762609 -769.0807942832953
0 -5769.561343762609 -761.8691496800529
0 -5769.561343762609 -754.6575050768106
0 -5769.561343762609 -747.4458604735692
0 -5769.561343762609 -740.2342158703268
0 -5769.561343762609 -733.0225712670854
0 -5769.561343762609 -725.8109266638439
0 -5769.561343762609 -718.5992820606016
0 -5769.561343762609 -711.3876374573601
0 -5769.561343762609 -704.1759928541187
0 -5769.561343762609 -696.9643482508764
0 -5769.561343762609 -689.7527036476349
0 -5769.561343762609 -682.5410590443935
0 -5769.561343762609 -675.3294144411511
0 -5769.561343762609 -668.1177698379079
0 -5769.561343762609 -660.9061252346683
0 -5769.561343762609 -653.6944806314259
0 -5769.561343762609 -646.4828360281845
0 -5769.561343762609 -639.271191424943
0 -5769.561343762609 -632.0595468216989
0 -5769.561343762609 -624.8479022184592
0 -5769.561343762609 -617.6362576152178
0 -5769.561343762609 -610.4246130119755
0 -5769.561343762609 -603.2129684087322
0 -5769.561343762609 -596.0013238054908
0 -5769.561343762609 -588.7896792022484
0 -5769.561343762609 -581.5780345990088
0 -5769.561343762609 -574.3663899957673
0 -5769.561343762609 -567.1547453925232
0 -5769.561343762609 -559.9431007892817
0 -5769.561343762609 -552.7314561860403
0 -5769.561343762609 -545.5198115827989
0 -5769.561343762609 -538.3081669795574
0 -5769.561343762609 -531.0965223763142
0 -5769.561343762609 -523.8848777730727
0 -5769.561343762609 -516.6732331698313
0 -5769.561343762609 -509.46158856658985
0 -5769.561343762609 -502.2499439633484
0 -5769.561343762609 -495.03829936010516
0 -5769.561343762609 -487.8266547568637
0 -5769.561343762609 -480.6150101536223
0 -5769.561343762609 -473.40336555038084
0 -5769.561343762609 -466.1917209471376
0 -5769.561343762609 -458.98007634389796
0 -5769.561343762609 -451.7684317406547
0 -5769.561343762609 -444.55678713741327
0 -5769.561343762609 -437.3451425341718
0 -5769.561343762609 -430.13349793092857
0 -5769.561343762609 -422.92185332768713
0 -5769.561343762609 -415.7102087244475
0 -5769.561343762609 -408.49856412120425
0 -5769.561343762609 -401.286919517961
0 -5769.561343762609 -394.07527491471956
0 -5769.561343762609 -386.8636303114781
0 -5769.561343762609 -379.6519857082367
0 -5769.561343762609 -372.44034110499706
0 -5769.561343762609 -365.228696501752
0 -5769.561343762609 -358.01705189851054
0 -5769.561343762609 -350.8054072952691
0 -5769.561343762609 -343.59376269202767
0 -5769.561343762609 -336.3821180887862
0 -5769.561343762609 -329.17047348554297
0 -5769.561343762609 -321.95882888230153
0 -5769.561343762609 -314.7471842790601

0 -4515.099872721271 -1082.9234286395485
0 -4515.099872721271 -1081.5477724638458
0 -4515.099872721271 -1076.7092199634544
0 -4515.099872721271 -1071.8706674630612
0 -4515.099872721271 -1067.0321149626698
0 -4515.099872721271 -1062.1935624622784
0 -4515.099872721271 -1057.355009961887
0 -4515.099872721271 -1052.5164574614946
0 -4515.099872721271 -1047.6779049611032
0 -4515.099872721271 -1042.8393524607109
0 -4515.099872721271 -1038.0007999603195
0 -4515.099872721271 -1033.1622474599271
0 -4515.099872721271 -1028.3236949595357
0 -4515.099872721271 -1023.4851424591434
0 -4515.099872721271 -1018.6465899587529
0 -4515.099872721271 -1013.8080374583606
0 -4515.099872721271 -1008.9694849579691
0 -4515.099872721271 -1004.1309324575759
0 -4515.099872721271 -999.2923799571854
0 -4515.099872721271 -994.4538274567931
0 -4515.099872721271 -989.6152749564017
0 -4515.099872721271 -984.7767224560093
0 -4515.099872721271 -979.9381699556179
0 -4515.099872721271 -975.0996174552256
0 -4515.099872721271 -970.2610649548342
0 -4515.099872721271 -965.4225124544419
0 -4515.099872721271 -960.5839599540504
0 -4515.099872721271 -955.745407453659
0 -4515.099872721271 -950.9068549532676
0 -4515.099872721271 -946.0683024528753
0 -4515.099872721271 -941.229749952483
0 -4515.099872721271 -936.3911974520915
0 -4515.099872721271 -931.5526449517001
0 -4515.099872721271 -926.7140924513078
0 -4515.099872721271 -921.8755399509155
0 -4515.099872721271 -917.0369874505241
0 -4515.099872721271 -912.1984349501327
0 -4515.099872721271 -907.3598824497403
0 -4515.099872721271 -902.521329949348
0 -4515.099872721271 -897.6827774489566
0 -4515.099872721271 -892.8442249485652
0 -4515.099872721271 -888.0056724481738
0 -4515.099872721271 -883.1671199477814
0 -4515.099872721271 -878.3285674473891
0 -4515.099872721271 -873.4900149469977
0 -4515.099872721271 -868.6514624466063
0 -4515.099872721271 -863.812909946214
0 -4515.099872721271 -858.9743574458225
0 -4515.099872721271 -854.1358049454302
0 -4515.099872721271 -849.2972524450397
0 -4515.099872721271 -844.4586999446465
0 -4515.099872721271 -839.620147444255
0 -4515.099872721271 -834.7815949438627
0 -4515.099872721271 -829.9430424434722
0 -4515.099872721271 -825.1044899430799
0 -4515.099872721271 -820.2659374426885
0 -4515.099872721271 -815.4273849422962
0 -4515.099872721271 -810.5888324419047
0 -4515.099872721271 -805.7502799415124
0 -4515.099872721271 -800.911727441121
0 -4515.099872721271 -796.0731749407287
0 -4515.099872721271 -791.2346224403373
0 -4515.099872721271 -786.3960699399458
0 -4515.099872721271 -781.5575174395535
0 -4515.099872721271 -776.7189649391612
0 -4515.099872721271 -771.8804124387698
0 -4515.099872721271 -767.0418599383784
0 -4515.099872721271 -762.203307437986
0 -4515.099872721271 -757.3647549375946
0 -4515.099872721271 -752.5262024372032
0 -4515.099872721271 -747.6876499368109
0 -4515.099872721271 -742.8490974364177
0 -4515.099872721271 -738.0105449360262
0 -4515.099872721271 -733.1719924356348
0 -4515.099872721271 -728.3334399352434
0 -4515.099872721271 -723.494887434852
0 -4515.099872721271 -718.6563349344606
0 -4515.099872721271 -713.8177824340682
0 -4515.099872721271 -708.9792299336768
0 -4515.099872721271 -704.1406774332836
0 -4515.099872721271 -699.3021249328922
0 -4515.099872721271 -694.4635724325026
0 -4515.099872721271 -689.6250199321094
0 -4515.099872721271 -684.786467431717
0 -4515.099872721271 -679.9479149313238
0 -4515.099872721271 -675.1093624309342
0 -4515.099872721271 -670.2708099305428
0 -4515.099872721271 -665.4322574301495
0 -4515.099872721271 -660.5937049297581
0 -4515.099872721271 -655.7551524293667
0 -4515.099872721271 -650.9165999289744
0 -4515.099872721271 -646.078047428583
0 -4515.099872721271 -641.2394949281897
0 -4515.099872721271 -636.4009424278001
0 -4515.099872721271 -631.5623899274087
0 -4515.099872721271 -626.7238374270155
0 -4515.099872721271 -621.8852849266241
0 -4515.099872721271 -617.0467324262299
0 -4515.099872721271 -612.2081799258403
0 -4515.099872721271 -609.110351483695

0 -1886.6163552066905 -34.53463210211521
0 -1886.6163552066905 -34.186108695435905
0 -1886.6163552066905 -33.83727085160535
0 -1886.6163552066905 -33.4884330077748
0 -1886.6163552066905 -33.13959516394061
0 -1886.6163552066905 -32.79075732011006
0 -1886.6163552066905 -32.44191947627951
0 -1886.6163552066905 -32.09308163244896
0 -1886.6163552066905 -31.744243788618405
0 -1886.6163552066905 -31.395405944787854
0 -1886.6163552066905 -31.046568100955483
0 -1886.6163552066905 -30.69773025712493
0 -1886.6163552066905 -30.34889241329438
0 -1886.6163552066905 -30.000054569463828
0 -1886.6163552066905 -29.651216725633276
0 -1886.6163552066905 -29.302378881800905
0 -1886.6163552066905 -28.953541037970353
0 -1886.6163552066905 -28.604703194137983
0 -1886.6163552066905 -28.25586535030743
0 -1886.6163552066905 -27.90702750647688
0 -1886.6163552066905 -27.558189662646328
0 -1886.6163552066905 -27.209351818815776
0 -1886.6163552066905 -26.860513974985224
0 -1886.6163552066905 -26.511676131154672
0 -1886.6163552066905 -26.1628382873223
0 -1886.6163552066905 -25.81400044349175
0 -1886.6163552066905 -25.4651625996612
0 -1886.6163552066905 -25.116324755828828
0 -1886.6163552066905 -24.767486911998276
0 -1886.6163552066905 -24.418649068167724
0 -1886.6163552066905 -24.069811224335353
0 -1886.6163552066905 -23.7209733805048
0 -1886.6163552066905 -23.37213553667425
0 -1886.6163552066905 -23.0232976928437
0 -1886.6163552066905 -22.674459849013147
0 -1886.6163552066905 -22.325622005182595
0 -1886.6163552066905 -21.976784161352043
0 -1886.6163552066905 -21.627946317519672
0 -1886.6163552066905 -21.27910847368912
0 -1886.6163552066905 -20.93027062985675
0 -1886.6163552066905 -20.5814327860262
0 -1886.6163552066905 -20.232594942195647
0 -1886.6163552066905 -19.883757098365095
0 -1886.6163552066905 -19.534919254532724
0 -1886.6163552066905 -19.186081410702172
0 -1886.6163552066905 -18.83724356687162
0 -1886.6163552066905 -18.48840572304107
0 -1886.6163552066905 -18.139567879210517
0 -1886.6163552066905 -17.790730035379966
0 -1886.6163552066905 -17.441892191549414
0 -1886.6163552066905 -17.093054347715224
0 -1886.6163552066905 -16.744216503884672
0 -1886.6163552066905 -16.39537866005412
0 -1886.6163552066905 -16.04654081622357
0 -1886.6163552066905 -15.697702972393017
0 -1886.6163552066905 -15.348865128562466
0 -1886.6163552066905 -15.000027284731914
0 -1886.6163552066905 -14.651189440899543
0 -1886.6163552066905 -14.302351597068991
0 -1886.6163552066905 -13.95351375323844
0 -1886.6163552066905 -13.604675909407888
0 -1886.6163552066905 -13.255838065577336
0 -1886.6163552066905 -12.907000221744966
0 -1886.6163552066905 -12.558162377912595
0 -1886.6163552066905 -12.209324534082043
0 -1886.6163552066905 -11.860486690251491
0 -1886.6163552066905 -11.51164884642094
0 -1886.6163552066905 -11.162811002590388
0 -1886.6163552066905 -10.813973158759836
0 -1886.6163552066905 -10.465135314929285
0 -1886.6163552066905 -10.116297471096914
0 -1886.6163552066905 -9.767459627266362
0 -1886.6163552066905 -9.41862178343581
0 -1886.6163552066905 -9.06978393960344
0 -1886.6163552066905 -8.720946095772888
0 -1886.6163552066905 -8.372108251942336
0 -1886.6163552066905 -8.023270408109966
0 -1886.6163552066905 -7.674432564279414
0 -1886.6163552066905 -7.325594720448862
0 -1886.6163552066905 -6.97675687661831
0 -1886.6163552066905 -6.627919032787759
0 -1886.6163552066905 -6.279081188957207
0 -1886.6163552066905 -5.930243345126655
0 -1886.6163552066905 -5.5814055012942845
0 -1886.6163552066905 -5.232567657463733
0 -1886.6163552066905 -4.883729813631362
0 -1886.6163552066905 -4.53489196980081
0 -1886.6163552066905 -4.186054125970259
0 -1886.6163552066905 -3.837216282139707
0 -1886.6163552066905 -3.488378438309155
0 -1886.6163552066905 -3.1395405944767845
0 -1886.6163552066905 -2.7907027506462327
0 -1886.6163552066905 -2.441864906815681
0 -1886.6163552066905 -2.0930270629851293
0 -1886.6163552066905 -1.7441892191545776
0 -1886.6163552066905 -1.3953513753240259
0 -1886.6163552066905 -1.0465135314898362
0 -1886.6163552066905 -0.6976756876592844
0 -1886.6163552066905 -0.34883784382873273
0 -1886.6163552066905 1.8189894035458565e-12

0 -5769.561343762609 -314.7471842790601
0 -5779.652780568502 -314.73375368400957
0 -5789.67597508766 -314.608116015359
0 -5799.630225594029 -314.37174338296427
0 -5809.514830361555 -314.0261078966796
0 -5819.32908766418 -313.57268166636277
0 -5829.072295775852 -313.0129368018679
0 -5838.743752970514 -312.34834541304735
0 -5848.342757522109 -311.5803796097607
0 -5857.868607704586 -310.7105115018585
0 -5867.3206017918865 -309.74021319919666
0 -5876.698038057957 -308.6709568116348
0 -5886.000214776742 -307.5042144490217
0 -5895.226430222186 -306.241458221215
0 -5904.3759826682335 -304.8841602380744
0 -5913.44817038883 -303.43379260944675
0 -5922.4422916579215 -301.8918274451953
0 -5931.35764474945 -300.2597368551669
0 -5940.193527937362 -298.5389929492212
0 -5948.949239495601 -296.73106783721414
0 -5957.624077698116 -294.83743362899986
0 -5966.217340818846 -292.8595624344325
0 -5974.728327131739 -290.7989263633681
0 -5983.15633491074 -288.6569975256589
0 -5991.500662429793 -286.4352480311645
0 -5999.760607962844 -284.13514998973733
0 -6007.935469783835 -281.7581755112351
0 -6016.0245461667155 -279.30579670551015
0 -6024.027135385426 -276.77948568241663
0 -6031.942535713913 -274.1807145518105
0 -6039.77004542612 -271.5109554235496
0 -6047.508962795993 -268.77168040748984
0 -6055.158586097479 -265.9643616134799
0 -6062.718213604519 -263.09047115137946
0 -6070.187143591062 -260.1514811310408
0 -6077.564674331047 -257.1488636623235
0 -6084.850104098425 -254.08409085507992
0 -6092.042731167135 -250.95863481916422
0 -6099.1418538111275 -247.77396766443053
0 -6106.146770304343 -244.53156150073664
0 -6113.056778920729 -241.23288843794035
0 -6119.871177934229 -237.87942058589033
0 -6126.589265618787 -234.47263005444438
0 -6133.210340248351 -231.01398895345847
0 -6139.733700096863 -227.50496939278855
0 -6146.158643438269 -223.94704348228515
0 -6152.484468546512 -220.3416833318097
0 -6158.710473695539 -216.69036105121268
0 -6164.835957159294 -212.99454875034826
0 -6170.860217211722 -209.25571853907786
0 -6176.782552126769 -205.475342527252
0 -6182.602260178377 -201.6548928247248
0 -6188.318639640493 -197.79584154135046
0 -6193.93098878706 -193.89966078699035
0 -6199.438605892025 -189.96782267149138
0 -6204.840789229333 -186.00179930471677
0 -6210.136837072925 -182.00306279651522
0 -6215.326047696751 -177.97308525674634
0 -6220.407719374753 -173.91333879526064
0 -6225.381150380876 -169.82529552191772
0 -6230.245638989063 -165.71042754656992
0 -6235.000483473264 -161.5702069790732
0 -6239.644982107418 -157.4061059292835
0 -6244.178433165474 -153.2195965070514
0 -6248.600134921375 -149.01215082224007
0 -6252.909385649066 -144.78524098469825
0 -6257.105483622493 -140.54033910428188
0 -6261.187727115599 -136.27891729084695
0 -6265.155414402329 -132.0024476542494
0 -6269.00784375663 -127.7124023043416
0 -6272.744313452444 -123.41025335098493
0 -6276.364121763718 -119.09747290402811
0 -6279.866566964395 -114.77553307332528
0 -6283.25094732842 -110.44590596873786
0 -6286.516561129741 -106.11006370011637
0 -6289.662706642298 -101.76947837731495
0 -6292.688682140039 -97.42562211019504
0 -6295.593785896909 -93.07996700860531
0 -6298.377316186852 -88.73398518240174
0 -6301.0385712838115 -84.38914874144211
0 -6303.576849461734 -80.04692979558058
0 -6305.991448994564 -75.70880045467129
0 -6308.281668156245 -71.37623282856839
0 -6310.446805220725 -67.05069902712785
0 -6312.486158461946 -62.73367116020745
0 -6314.399026153854 -58.426621337659526
0 -6316.184706570393 -54.13102166934004
0 -6317.842497985508 -49.84834426510315
0 -6319.371698673145 -45.580061234804816
0 -6320.771606907248 -41.32764468829919
0 -6322.04152096176 -37.09256673544223
0 -6323.18073911063 -32.87629948608992
0 -6324.1885596278 -28.680315050094578
0 -6325.0642807872155 -24.506085537313993
0 -6325.807200862819 -20.355083057602315
0 -6326.416618128559 -16.22877972081369
0 -6326.891830858379 -12.12864763680409
0 -6327.232137326223 -8.056158915427659
0 -6327.436835806037 -4.012785666542186
0 -6327.505224571765 0.0

